13.691
15.091
12.222
11.799
13.166
10.137
9.891
9.659
9.973
9.736
6.46
5.869
6.492
6.11
6.312
4.634
4.588
5.052
5.07
4.595
2.612
2.665
2.635
2.894
2.481
3.658
3.605
3.602
3.695
3.65
9.639
10.248
10.441
12.098
11.292
9.159
9.812
9.571
9.032
10.474
3.28
3.402
3.476
3.311
3.193
3.665
3.692
3.557
3.193
3.672
4.321
5.203
4.542
4.429
4.793
4.8
4.974
5.01
4.882
4.887
12.396
16.074
13.47
11.918
14.076
13.476
12.424
12.349
13.84
13.84
12.506
14.846
12.038
12.9
12.7
17.206
15.918
16.576
13.429
15.686
23.654
20.827
22.308
19.275
18.864
23.59
22.931
23.25
24.235
23.059
13.591
13.472
11.593
13.472
12.574
16.21
16.337
16.855
14.86
15.968
